state (Emission order)	H3K27ac	H4K5ac	H3K18ac	H2BK5ac	H4K91ac	H2BK12ac	H2BK15ac	H2AK5ac	H2BK20ac	H2BK120ac	H3K4ac	H3K14ac	H3K23ac	H3K56ac	H3K23me2	H4K20me1	H3K79me2	H3K79me1	H3K36me3	H3K9me3	H3K27me3	DNase	H2A.Z	H4K8ac	H3K9ac	H3K4me3	H3K4me2	H3K4me1
1	0.9714321763746203	0.8696628956608021	0.5933062716494032	0.5797702012189473	0.24328024097865772	0.0908196493447799	0.01378961053758394	0.009153465270674423	0.0038099496659985714	0.023751430370316757	0.06325564526732938	0.12934287239263986	0.020721428829769992	0.4063914288975072	0.234452835174773	0.00358111084297319	0.06709094850801799	0.05987782361481329	0.0026359113278253193	0.0010782130430364635	0.008440566989317359	0.8509278900728302	0.4382719029924289	0.7070705657366717	0.9791653993945671	0.9998787401055538	0.9774423721526838	0.025644458178309845
2	0.3978634528223151	0.0892352507700317	0.0124312621699928	0.01832206787173858	3.940047686003643E-4	1.276798416868175E-4	3.9754386997611724E-190	1.3602626138447038E-141	5.510724166736344E-116	9.63983638791488E-92	2.8992640332796506E-14	2.774826728984453E-4	2.0051484683382026E-93	0.0037293351329182388	0.00448330845326997	5.429747402877468E-101	0.0026093748940884715	0.00243275654493567	6.590301295176532E-4	0.0020100489519958155	6.520513837670622E-4	0.8644199525005468	0.1053142472524336	0.1977965633899615	0.42705500566746124	0.9701890827481646	0.6660882382066095	4.076046069067608E-64
3	0.014529886249263829	0.03008263916998335	0.006937708382968589	0.004133475005803359	0.006331151268904406	0.007571540595756973	0.007240835091220257	0.006977221307556497	0.0024412188919827383	0.0038901592177175343	0.0067550619238484055	0.0030460938812170006	0.0032340538739625145	0.002930127402379038	0.020103260334632396	0.004731059330124704	0.0069903581778525785	0.016536272860980552	0.001741013877714307	0.010693871477254622	0.030778386824919148	0.14261058895647824	0.020230765335534927	0.03629398626206513	0.032431428014404025	0.4473224275121807	0.8061023893273143	0.11033138121243795
4	0.7590192392171478	0.8886113035888951	0.8527826067293021	0.7243199790566266	0.7782942333376184	0.6695552075384517	0.3911531604002382	0.24718979518903766	0.2915942865679864	0.32341671822313556	0.4036982943798573	0.3729635267896665	0.180883454218373	0.32738665030570013	0.7339221726995483	0.035419721856749325	0.059136960521442045	0.13125558871774912	0.005066419554308746	0.010776769425799668	0.24252047824605336	0.712469840534916	0.3402422062586369	0.5585998356468401	0.7960072898114393	0.9901824974026998	0.999959390415122	0.7308167298601995
5	0.9869122333968693	0.9956191222440229	0.9509901449313704	0.9662810675990673	0.9039396876930941	0.6227462960672991	0.27511762830447717	0.368535717480995	0.14145816517309298	0.36137682479455446	0.6210310086861732	0.6459322437731922	0.30872481685770875	0.8920567498654677	0.5903999427961796	0.06648250724897138	0.29018159461759796	0.2717076775552874	0.026300995374669407	0.0018719389908694397	0.020501117975229802	0.7673081498441462	0.4025387226514831	0.7832327679221632	0.9988619980883346	0.9997516495832454	0.9996867571784912	0.1883060988916842
6	0.32084630881748644	0.3465241292871407	0.18212839087151672	0.22111593972732718	0.1626833768559597	0.09304384648254675	0.05007112631536154	0.14918682445682774	0.01475975491461138	0.0424841627157566	0.15217990515788624	0.1758888980594812	0.14731465099772262	0.19712931010309334	0.6386703940665788	0.35054267642085485	0.7328702056128987	0.5427124568625457	0.10991826099572886	0.002917001043985719	0.04069736964376009	0.14720037649903803	0.05358152290184669	0.2108920345898261	0.9134867410245778	0.9976265302276414	0.9994631863271642	0.39310084113226396
7	0.32912656150534814	0.29931067361034974	0.1982085928265737	0.08428331297690701	0.07661400880897722	0.06355022706573298	0.025140512294860976	0.015450500205491142	0.009865961740976656	0.021452529103469654	0.04057111180724797	0.04803905342686841	0.023243798095415123	0.05655537974409822	0.4328073098699376	0.007993860263600716	0.007673407150966576	0.053890773840267955	0.0031984843328086974	0.006632668686050308	0.05277987886477276	0.5006314464689628	0.23523284638380607	0.24966900519892646	0.6052388877867964	0.9965146060102186	0.9996159503496929	0.2553810302865396
8	0.06052356858440491	0.060338208646011214	0.00640125245485182	0.01113236183581163	0.005143687241982289	0.005570336318600885	0.004040929504050823	0.013892388322983125	0.0016903534888425295	0.0038975694724511073	0.008632208587247345	0.007735761105692982	0.018583896414730072	0.009444196788979604	0.06279519178572532	0.18172147934936447	0.5402533525497099	0.2349574406811546	0.13766973772750948	0.0025311978588006766	0.008522009208304808	0.020167438051358337	7.229206682167241E-4	0.03199897900771718	0.24895374669149942	0.6185021708637037	0.9406228822554651	0.3165156143898632
9	6.176976865532173E-4	2.653192912507473E-4	8.752661882948649E-6	0.0035118078104015454	1.9757848592548516E-4	9.569639637388825E-5	9.675547009281819E-5	2.1288357030765304E-5	3.117154268013738E-4	2.988192010621124E-4	5.228197253949792E-4	5.920248121400734E-4	0.0017590360200346869	0.002170115016972857	0.0021052133691188478	0.05220673493093671	0.006330962374044858	0.021957135419250887	0.7584639902373846	0.001601734662640357	1.8588646222913115E-4	0.0019699485925320265	8.919690383987656E-4	0.014540833602292127	0.001601726383089176	2.157016194050263E-6	2.919500728175063E-11	1.4932239550011366E-4
10	7.419422755971082E-4	6.988143354579876E-4	1.5111944054858943E-4	0.0034999991587352968	5.082495434861174E-4	6.192669879512303E-4	3.998180515711067E-4	6.303698968702396E-4	3.271436388082559E-4	4.5513758118158863E-4	8.907379831853236E-4	0.001538173696198748	0.002882266159798736	0.002451504831490915	0.001937425440491692	0.011028480337545579	0.0022418240239980374	0.007807348633758122	0.12135058777619509	8.932349570262019E-4	1.0911768941524972E-4	0.0021688698153141863	6.114581059917188E-4	0.006588082075102905	0.0015361721848155523	1.2689192914268403E-62	1.3050839835662966E-4	8.51463160453434E-4
11	0.0025891682587896275	0.004367499751797376	4.331640723982251E-4	6.966915767629702E-4	1.0760953242647466E-4	8.032010972824106E-5	3.775853422023192E-5	5.727718971422941E-4	6.840321469611198E-5	2.7299509089274705E-4	3.7165673358680555E-4	3.8930526288435046E-4	0.0017592649498721327	0.0020972013367917377	0.0011643148689864699	0.055335646897463356	0.2985825512502686	0.13960229639484584	0.027216897288859364	0.002867537944139227	9.808722964213147E-5	0.002569901762292074	4.8709520055012647E-4	0.010142500824423095	0.001415543335528093	3.8403680775345585E-4	0.01001446627596141	0.01677249299376934
12	0.0012297483607322823	0.0022283408205073353	5.325111585700706E-4	0.001788500737646037	3.24580044761122E-4	5.408860452553587E-4	4.0516449614291957E-4	0.0014760862849224861	2.4548229419629346E-4	6.960640920099091E-4	0.001095658656715436	0.001713216255851027	0.0032797349785550654	0.0026395525279677297	0.0017170184959370831	0.012173735991842325	0.014117617516585875	0.04043970778977226	0.004054077883183861	0.001429400695884814	8.20795092228442E-5	0.0020258111468796506	4.8553655352249293E-4	0.007172490510618946	9.431143092868607E-4	1.5483584344127438E-31	3.969878908292982E-4	0.004563050143368708
13	0.00168406455297462	0.008484953741338355	0.006289269597981849	0.005035426827522572	0.01353805941163072	0.017223003637470743	0.014169497710791552	0.007845705021806261	0.021348219586031947	0.012422876792977213	0.005900538314933545	0.0024518580549973555	0.0019295877445296295	0.0031451219418620283	0.0016761416383799749	1.0299151917140484E-6	5.109319766430948E-4	4.28964252684704E-4	6.302745516600086E-4	0.002871167916406552	3.0821734197364624E-4	9.990113543467192E-4	0.003856655607399957	0.002968232148155247	1.5315584256584127E-4	2.9878672246757234E-5	3.8174291308875507E-4	0.005730279443104839
14	0.02903252790060415	0.019697901625789056	0.006259169302794294	0.09483734668557424	0.01770799455571766	0.022635701774730958	0.012040861074874933	0.018853973892319905	0.01023197185601879	0.005865760380686818	0.015335183253870729	0.017069209336693935	0.03163290745639415	0.01529510868032151	0.022016099642395502	0.35704369695672217	0.2107695987160492	0.38641466540585767	0.9086285802318336	0.011327069295699781	0.004464005628905216	0.02218239432588726	0.0030362234245175593	0.09770442860162044	0.028188737171895482	3.43369565777777E-4	0.016760288212278533	0.049958385071801
15	0.041229849979844115	0.03664770762127141	0.026915730034993115	0.09613809045048935	0.022701696484566505	0.02944038387083827	0.017676335624834807	0.05836067467307951	0.008146062501473341	0.008312719879486586	0.02443257069902543	0.035878258890373084	0.06182124981884575	0.016192792927846807	0.018950783860304396	0.6145439814431775	0.8493352105222749	0.7010257422994554	0.15337074831382969	0.009137014973753878	0.004726355747856817	0.021725169613551452	0.0020158985589194636	0.08233078944262674	0.035738935748801215	6.345903011604753E-4	0.16520281168105336	0.2984368214536244
16	0.3705436300840133	0.34537233130049483	0.347275090745268	0.5374964291940975	0.40487816948089017	0.43708927709269135	0.2864343038274218	0.45800326312922957	0.17501526901208356	0.12466465914160352	0.2256141320529762	0.19878487515517052	0.18104148263176414	0.04822146526291572	0.05166588599570814	0.44621018978604204	0.5716253906018286	0.7657856626595697	0.147983547311144	0.009080492559517489	0.010674466721041451	0.10975246860815534	0.004482102472237202	0.1691174533837613	0.11778480534291101	0.020528274657755422	0.49674240101757805	0.8046508706597867
17	0.9663370220610619	0.9579532858529445	0.9453451683825349	0.9830160407039712	0.9712785859739744	0.9218860855942574	0.3863266686637913	0.6950769080289485	0.8624655017074581	0.8496011838601801	0.7120238070541918	0.4103597603274906	0.24397109611798537	0.4195753547815811	0.12340938533036033	0.03541963077396239	0.08171702359030981	0.13437744740147317	0.030929560228913647	0.010433519161203334	0.02900376373404475	0.3502279289728089	0.06597541674363809	0.2460474128680139	0.29867582259179926	0.11090670740141091	0.851320077211549	0.9344094522200804
18	0.9519780839397781	0.6683319192352345	0.3315309137035437	0.42151805237762174	0.19793588226040518	0.17020479411121378	0.02086737637629435	0.047116761308886736	0.12388052741726184	0.15920824943409073	0.05057118221344601	0.02799742705581359	0.014663765366803756	0.06525527951852857	0.03386765300658434	0.005930566204356288	0.015143334167121323	0.02067465514754793	0.01854537640174787	0.0014706043537731882	4.848339898403571E-4	0.5567576388434456	0.03840697331624484	0.0620116800847749	0.09869395978513816	0.10564719802886625	0.9584132673960062	0.5760468365924138
19	0.7957764562261282	0.6673802163741662	0.5269230541020774	0.6861172918892793	0.6320849864570784	0.4469603517505095	0.06140435879514733	0.19660093566064482	0.5259443555251544	0.5595141765268891	0.2345364989422835	0.06681028838125679	0.03747728554967234	0.08715641768093538	0.009425232264736884	7.443415849771489E-4	0.007873677487549068	0.014420316000513416	0.029176773219944177	0.02724932687434373	0.0011552369996291449	0.06341787814987523	0.028795423351527225	0.026308841926612387	0.013477442889801152	0.00114453356707819	0.2940132021176733	0.5445381013439513
20	0.49670268473642526	0.6208688559390866	0.6887754472043647	0.6220323021899852	0.7182320137871437	0.7347485006494284	0.3999975671721909	0.30899154290582015	0.47967788950227896	0.30021329956238635	0.2890723294840849	0.22901923068463184	0.10794996233171607	0.05790917798948335	0.07195060414524283	0.02522627231933771	0.021438143515595313	0.06565165169495199	0.0017169000583003443	0.005190286779834548	0.10582477739556395	0.398196557525379	0.16333150447557954	0.30864311489841567	0.13726135739826398	0.04783440576086251	0.8954129637965669	0.9531624438905514
21	0.40944527567070105	0.34510144296210615	0.05180416911391218	0.049537189267563654	0.020535086727392793	0.014193740151300541	0.0021843348034037363	0.005434402795607051	0.022480946194161088	0.04342849647162098	0.007250161575549903	0.0024455710214916064	0.0018620764949885205	0.007025895161736264	0.0018553008927368994	3.487059662706456E-4	0.003845901896231358	0.0025748329372829028	0.012866560254413661	0.007298753701421802	4.5620062621135626E-5	0.12007087887273918	0.00424493003277756	0.0022464593122861897	0.00212359971057282	5.607063845575233E-4	0.16979236347462515	0.16501681388282
22	0.019580245369473614	0.07019059346847961	0.1359288730938982	0.1840691534667824	0.35363926740804064	0.38840138028563237	0.22938977323134604	0.17946959976890092	0.36725311574068087	0.17601485522716326	0.11598016991532605	0.05616240832504381	0.03887277114136802	0.01930567269043817	0.013204023980833802	9.039414421794744E-4	0.010545608528692699	0.008117671432544424	0.008313828116087038	0.023110126142486552	0.014769030505534242	0.007091723770668266	0.024492134919985933	0.03620096157851784	0.0038345589032218476	1.943452871390595E-4	0.0028895268714985147	0.04798059253053546
23	0.09769294388968379	0.15953630124912627	0.2695697849663027	0.24670222219533477	0.37325445597969936	0.3984230984996357	0.20993138175404172	0.16111974321305111	0.24675418270053193	0.12545156921245665	0.12324725408334482	0.11475883083267338	0.0576939143312228	0.018766536174381114	0.00952531739807658	0.008213937870219958	0.012954437725624287	0.03128273021344397	0.002639251578183873	5.621858560868919E-4	0.026330629832500202	0.05513330141601874	0.043161858762380545	0.11939584008563744	0.02013463964653484	3.9855694974610834E-15	0.1808292982506127	0.8039470857033886
24	0.019031473343321396	0.017231336863133915	0.02702091878961481	0.016760085954697804	0.027119393895441223	0.025862981037552604	0.018312214056495645	0.014297359729567506	0.01245655533767696	0.009210196278977102	0.010717869212733646	0.015182059427705556	0.006692646004219406	0.0035563756051252677	0.001608068180383575	0.005849966505229303	0.001540669141319723	0.006643891912428158	0.0017543900970479727	7.214010752461308E-5	0.006949278598348813	0.05450605330081784	0.013142368225330603	0.0491226642177621	0.0038986923550954396	1.4925200228615322E-62	0.043379458440153916	0.42639769333660243
25	0.218652546412175	0.11914882697187637	0.09190986393105792	0.07088385134579125	0.048971892887065584	0.06980567924218214	0.028777170508609607	0.030662636708710278	0.034480892711771446	0.021738384376490248	0.020745024827435843	0.023543047217267448	0.012637305373463317	0.011881365369914933	0.02267821506753927	0.026077865528616833	0.006241696213878071	0.04276998551493954	0.006340034710444075	1.361972976698779E-4	0.01364192562495489	0.4713776150799884	0.040401994834504504	0.0737632280868692	0.028667885849439953	0.013363704090027231	0.8391250956678449	0.6666638320830374
26	0.0905237277614302	0.2503329954838987	0.21720714200094376	0.2104958625253851	0.21998939450728033	0.30814616213249346	0.18895245737009428	0.08243518483828398	0.13006844039112608	0.06659977618151804	0.090134206484029	0.10494474353572501	0.05677798105000485	0.030518185200538454	0.034579355663035355	0.013135386121108195	0.013495149820228486	0.018443363765302586	0.0020778367329638186	0.019158619811349878	0.02906560742808089	0.46679951921861906	0.24846275166902992	0.2772479481132627	0.057355017431622676	0.009190542731846095	0.4173611666945469	0.5687399779121818
27	0.15397434000935628	0.4038798906057833	0.6421585017108633	0.7466118064408387	0.9089324006705245	0.9098662108741833	0.546693356093843	0.6167499833290307	0.8516130272604046	0.598930743796986	0.4968169071768097	0.23218647771888265	0.1410301320723311	0.0575380828283666	0.033411912416555986	0.009098411443504352	0.05717864527378235	0.057497865388724555	0.023381443555981894	0.039215477360741435	0.0733935801610961	0.020726585864107257	0.046908896620108644	0.12399734921731023	0.023449684976848593	3.531864950136124E-4	0.0776790110080122	0.44753811621274225
28	0.03924631677346757	0.06361755962930224	0.02990729150891446	0.022070772563025476	0.019069632159989077	0.03585984063314138	0.014249164779340682	0.007673395142878859	0.02048594005612873	0.021376407288254483	0.01722953008949819	0.02398164266326598	0.016008587266743007	0.009261823826888307	0.00499504692604837	0.0010729465306685696	6.460375867958516E-4	4.7168892418812674E-4	5.9149758138596666E-18	0.0011786212146152229	9.463758326506695E-4	0.022536358203531937	0.06784026523117814	0.030390553695524257	0.007559801624168178	3.848645620374722E-6	0.10422738756140032	0.2642601602734881
29	0.025666148716264974	0.03456636660758719	0.03226492874170571	0.1045600196728567	0.049416412832285914	0.060481452182865394	0.04487238532150735	0.09028571646091142	0.02001800996812896	0.01637102566014945	0.03894450109671854	0.053913546029025365	0.06888594196152625	0.018495865631495585	0.02010526316846862	0.21442662429114576	0.22733460076056908	0.5089680951271097	0.04552444355186144	0.006618638783863712	0.0038556009613384674	0.02457026623082127	0.003353139655007684	0.0831201684067777	0.022247176745657356	1.5452051623844083E-4	0.023694322562986713	0.17160543038175682
30	0.023569846330513768	0.12134514262676552	0.1600523365533699	0.3685217325334524	0.4838282625824929	0.6269149542726369	0.5577521919143803	0.5263070669640769	0.3339475274869953	0.12293174342912898	0.2506915107323918	0.2350908540126148	0.21828977471312094	0.04674454193525535	0.09524833773636264	0.11503775635212588	0.16158615021585812	0.15776823641608376	0.023962464213793472	0.03799247866084784	0.0633577598977368	0.013462663604866	0.030964603591226388	0.13109188119845996	0.04734858833512408	3.1943047903035206E-4	0.02591511510780741	0.119008454932203
31	0.004839012777086004	0.009090045212369008	0.003554202934039439	0.00697054133440297	0.004702861375779425	0.010465473974620668	0.006696605474999661	0.006167450054948434	0.006017852219059092	0.002535060906820955	0.003913402831842629	0.003536798500489659	0.00279830316076269	0.003646908455767495	0.005492199816601735	0.006299178145364758	0.00122645718188409	0.005110677208474663	0.001647453697865559	0.0110357958731128	0.004708347729923468	0.9964301348765122	0.022290749576369017	0.0341142318845711	0.003121406570719829	1.701726194974237E-4	0.052198766704407956	0.05956189020191295
32	0.00762716197038237	8.633076442867878E-4	0.001031813606257514	0.015431460463373535	0.015505540104363048	0.010507047103726174	0.009174771667244968	0.027415686272717503	0.04859830286249612	0.06900738379728573	0.0599073735160806	0.2379146990913261	0.3972224916606228	0.6280999953578363	0.8092512509744142	0.5916983627833551	0.4134782939116768	0.2080165354140365	0.2084902533146368	0.9865611810699744	0.1737339025327927	0.13196608995070352	0.01000186969684867	0.019824621611981393	0.026129590091026483	0.013757475999049642	0.004635351425391309	0.0018698229330589306
33	2.401281717420191E-4	2.5566986788301576E-4	1.312595380063852E-4	5.4756346020512E-4	9.792618718375884E-4	8.704474804646461E-4	0.0014486750152959802	0.0019517685019859344	0.001502522449478203	9.390506827332686E-4	0.0011548739422384056	0.0032161103016752667	0.0035444009169581328	0.003195476508535187	0.004972238610227238	8.911330429035373E-4	0.007656955688580233	0.0018155717782954656	0.019444804176986477	0.7586188184241446	0.004729578754602191	0.008314852622059717	0.002355200590302128	0.004897325455732754	3.028172039947287E-4	3.013443473921704E-4	3.423597151109406E-4	1.7552865117697269E-4
34	0.0024359740305776737	0.0019331727631345496	0.0010037835332436954	0.0061684373844610885	0.0030727094392643947	0.003336441490035354	0.0024881842983398568	0.004391963812830729	0.002753854959141648	0.0014911866743494992	0.0023950260798371163	0.002316868005287339	0.0032319410872435348	0.0033388172436735627	0.004788817270072809	0.0076007736764558635	0.07522729833325964	0.06384647689956947	0.6580191610119192	0.7077695780166908	0.006794802345804113	0.009709549683876492	0.0017026708002757522	0.011997281348977762	9.367415797828767E-4	8.435825573915868E-4	0.0010108247209489683	4.924716364582102E-4
35	0.0160372329195123	0.021732599917212523	0.019415432711289635	0.06421248626497424	0.07675411760373123	0.0722659539181059	0.0685772001209993	0.08772522017619208	0.07637378321325776	0.032553742991465684	0.041894181924923196	0.04353978837246948	0.028946992791238454	0.012383906365036956	0.017638306007023097	0.011068264711439194	0.06129977262981717	0.028797976729384972	0.10974112343069681	0.6612271306297518	0.03211190697890298	0.029545974595775338	0.017760553246033824	0.07443575039652466	0.005905063615359478	0.004594978857023652	0.01313987128110775	0.012793131162211098
36	6.519192168562626E-5	5.378225049120249E-5	1.5731123526409632E-12	1.979376319969825E-4	2.460252320616339E-4	1.4083155108550807E-4	3.181223665107317E-4	6.268699581962163E-4	2.9073669466683885E-4	2.375646257694593E-4	5.158126787178758E-4	9.243073641369652E-4	5.555555458256409E-4	0.0016182281300921573	0.001571933735338998	1.9075647621231848E-4	0.0012505355583740496	3.0013426906643745E-4	0.0017083065798448689	0.16000628343889958	5.401552340816673E-4	3.5639223909456926E-4	0.0010577052158257773	0.0013671902284086968	7.233093469598461E-5	1.2411708155468122E-5	7.691417132417364E-5	3.3912298042909536E-5
37	0.011569267121336685	0.01221044890766549	0.10928391947686167	0.006392018276639624	0.009658162487975257	0.03712029726129876	0.009952961005353572	6.981887765351141E-4	0.004951542171400607	0.0022620469611525583	0.005693812986693963	0.020099149515055748	0.013192939913704946	0.010264972414604532	0.49335936698456206	0.031866443111972356	0.00373680168817877	0.009037828888121128	0.01134082522130455	0.009486307602497569	0.9348547846520813	0.6020014642741928	0.17536111776508026	0.21164179988988582	0.17020854282993017	0.9996803554646938	0.995527771275383	0.33402372126392244
38	0.09185793245367897	0.2627388834626375	0.6277513001690569	0.198290892023337	0.35452450540697494	0.4865740891181134	0.253301203162008	0.0977234207902571	0.15483125384574908	0.08442691605574403	0.13424143906802852	0.20694322244897373	0.12759454434571393	0.09481505606371679	0.7612944004249962	0.11769740912928613	0.04995229158199272	0.08846682851981562	0.019988935822182745	0.021306327357453112	0.9787429942819418	0.6543858643028704	0.27511861995947123	0.47571838441181963	0.5129573857574881	0.9612166076882119	1.0	0.6729681839860412
39	0.3240417550090699	0.19941644916930162	0.3020754867756901	0.6661449326400516	0.6349692525008352	0.492560419203629	0.5841396875112078	0.5879008164103355	0.8442491907922239	0.8213599710469053	0.7086743927544911	0.7671326987679065	0.8220435851577395	0.8948648086648983	0.9548622948934922	0.8816264092956884	0.9652382547696127	0.9809173145757364	0.8611150127626046	0.9651074579009358	0.9215112505286578	0.719118476291465	0.3092829387050194	0.26143812363704877	0.7728241494172562	0.46161538597027846	0.25143968060920585	0.323461033149205
40	0.010431435570422202	0.07720520341412096	0.2374766568014504	0.12006643671944238	0.31729657968500663	0.5222648942342377	0.36806225874925735	0.35490517766564345	0.26743681485861975	0.09835594673282072	0.1458550518294401	0.11257963700014799	0.10382528948391082	0.017928803215231135	0.048093649437054825	0.18234171326804888	0.051164886051094025	0.05566501616503425	0.01366311468009871	0.02142718146748178	0.9597000108266108	0.08117625194673997	0.020816228630794662	0.10558008782943522	0.023149185719653312	0.00692258153975142	0.36481188451876656	0.5501753466140158
41	0.0035605412114074315	0.009858589939667905	0.048024933966904396	0.007565327487076324	0.015631576765902995	0.07056943601590439	0.032021707817790956	0.027200712734201094	0.016927438194445837	0.007573333489395073	0.012785195949940435	0.01600890372587327	0.026519844387520763	0.004454596640425614	0.031759779118978315	0.1335213055400813	0.004705472194087828	0.015097997740036251	0.01784675764654007	0.01672195530778843	0.9476932888709262	0.3207897066713195	0.02160937911819219	0.07813705394190636	0.008304603301058616	0.15280169934405863	0.8416626509676972	0.5540378761650481
42	2.2742586124926707E-4	8.022672593076744E-4	0.002084706989781293	0.0016566223347183543	0.0056217207904044495	0.017505739528849013	0.018621501833574947	0.019795663719082222	0.006563446664318717	0.002796477918559033	0.00550020315397138	0.009800603827016384	0.013391412281230919	0.003906138002884512	0.005831824449761725	0.05692102555297411	0.006478180820785928	0.005279825791123069	0.003810153610805192	0.018189382059322957	0.7781279896339222	0.01449672987231959	0.003148710401235338	0.012170959542595946	0.0013422776185241176	2.2297647966973375E-28	0.0014497304674161602	0.02552038105294071
43	0.025469035890834848	0.05786758681492715	0.1280474100922893	0.6251823579419424	0.6779936738250097	0.7537142810280365	0.730464188433492	0.8576129317327258	0.546831354194029	0.11040789847629268	0.3607429181951123	0.28493504339778675	0.32248917731738913	0.6033547962622398	0.924408039845056	0.9146531721567561	0.5418273483503442	0.5061036484909828	0.10283854417327128	0.22513319291016134	0.2466555755735457	0.02159839290092428	0.0027576868152482375	0.10324810265557872	0.09615157971628838	0.0017626186244314584	0.0713038363949598	0.06878959308317781
44	8.569230748795607E-5	3.0797203779246973E-4	6.893329523824157E-4	0.0023469999227539425	0.003325033819802168	0.0036914449891947043	0.006255085610810473	0.004751831875518407	0.002176711372856268	9.536066815964321E-4	0.002548779094728858	0.006319092905297774	0.005490659938693286	0.0018800532979739856	0.0019342790745557209	0.004041038658460564	0.002656995208240597	0.0018321699459996536	4.4821087106643957E-4	0.0010786818673384623	0.007185222562427421	2.9999278229056204E-4	0.0036587923694252444	0.023088280565520366	9.392258799134613E-4	1.2434521070415185E-10	3.0340157756014236E-5	0.0014825278999262218
45	0.002115170896377769	0.015969713567479286	0.02730066960920462	0.07206236917965672	0.1081950030922033	0.13225551382220432	0.14183797519672092	0.10992463213407232	0.0526788025097438	0.012572156762089986	0.047386469082717	0.0809218586137417	0.05745704089747494	0.008454291936951566	0.011746894988986272	0.03683334949951674	0.04058984581976597	0.028830758836010602	0.004045064028567581	0.0055217150809887885	0.050103411967979135	0.004832895003013321	0.019200424372387354	0.12007069197563564	0.013325623791216688	3.145459122160179E-6	1.4725158644030408E-8	0.037262801694083844
46	0.001440352982235425	0.0017919743395672246	0.001781038293601236	0.018625744119429428	0.0399505258331454	0.0401749353878996	0.04358175221173834	0.09170475200408822	0.030270191903342583	0.002787168915844382	0.01525207288555638	0.03442873042930252	0.03193016342427632	0.57072740048056	0.9097658867290299	0.3769454946322948	0.033276215255555484	0.03629053662301334	0.012114390250104202	0.038527366171847675	0.026118063123966598	0.0035519479035560474	0.002213240386046205	0.010081246662908739	0.0040948305528029205	5.774272840616987E-4	0.0013717875728511794	0.002350346248385602
47	2.4129216879148486E-5	4.456352669933238E-5	3.6161311495958E-5	5.73604054170314E-5	4.8568172851038495E-5	1.0013488586081565E-4	6.0404823000251505E-5	6.668311465638737E-5	5.1723713170642034E-5	5.74562115077186E-5	7.168710789288632E-5	1.0380338607460783E-4	9.113240454047619E-5	1.911415325163798E-4	9.245960129894913E-5	6.648241510077844E-5	5.835352645163771E-5	3.6730980803104074E-5	1.0329326169337293E-4	7.821517056356451E-4	7.00389517909359E-5	2.0127857939591703E-4	3.2640151395746793E-4	1.8267353861905295E-4	2.689608764687095E-5	8.843176493855192E-6	4.576655435415651E-5	7.222741351218373E-5
48	1.491951786668302E-4	6.085766032171179E-4	3.7676009511946777E-4	6.590504707069184E-4	9.050600717604844E-4	0.0012418899412547854	0.001418698037629408	0.0012986543507928496	0.0011307029420564649	0.0012795871239199756	0.0016389082451263562	0.0026838156185920985	0.002810701188867709	0.002895873917088652	0.002053018872128186	7.859363498841207E-4	8.425261419888591E-4	5.008289794131318E-4	2.6797932542389893E-4	0.001989733711644422	2.0649970893180927E-4	1.2402573311109937E-10	0.003391356288726938	0.0024293529631244782	3.6174457981782033E-4	5.1712643710440326E-6	2.444611107335986E-10	4.600616497143961E-4
49	0.005243093289935407	0.027961665723594986	0.028604019439017237	0.05969647090998335	0.0766713415490492	0.10736437648191911	0.0937679561425148	0.07169678449200832	0.07050010780314717	0.04876573968266317	0.07890391923194809	0.11263433777810453	0.10624215575268901	0.029395841592068307	0.03040811757831592	0.019956505070551772	0.02999540465848314	0.01921508482558221	0.002631899505833865	0.011246707229761694	0.0042169685918808505	0.0037945931816264185	0.04863656877670194	0.035136855386730635	0.014023377635041759	7.22068365280096E-5	0.0015133902100945952	0.020416174607378375
50	1.8599258409910587E-4	0.004892544778605197	0.003448368730916044	0.009646394106926805	0.0056722869665949095	0.006199190374750592	0.002330829091084978	0.006969839640693855	0.00370709458993862	0.005432529295359656	0.01940799754864404	0.055244831413881534	0.04325534701163907	0.07951487116657903	0.08021174542665088	0.02853859550705842	0.020586047082606432	0.014515920282678606	0.0037949614743310197	0.013687848675268049	0.005358126617858842	0.00734847823999205	0.049883337210263036	0.061803260822070806	0.007927831641254981	8.174365040455415E-16	1.4478854837093802E-9	0.002319959136037003
